011011001
001010011
001010011
001010011
001010011
001010011
001010011
001010011
100010000
011011001
001010010
001010011
001010011
001010011
100010001
011011011
001010010
001010011
001010011
001010011
100010010
010010001
001010010
001010010
001010010
001010010
001010010
001010010
011101001
001100010
001100010
001100010
001100010
001100010
001100010
001100011
001100011
000011000
100000100
011011000
001010011
001010011
001010011
001010011
000000100
100000100
011011000
001010010
001010010
001010010
001010010
001010011
100010101
010010001
001010010
001010010
001010010
001010010
001010010
001010010
011101011
001100010
001100010
001100010
001100010
001100010
001100010
001100011
001100011
000011000
100000110
011011010
001010011
001010011
001010011
001010011
000000100
100000110
011011010
001010010
001010010
001010010
001010010
001010011
100010111
011010001
011100010
001011001
100000011
011010011
010100000
110000110
011010001
011100010
000011001
100000001
100011000
011010011
010100000
101000110
011010001
011100010
000100101
100000001
100101000
011010001
010100000
101010011
011010011
010100000
101010000
011010100
000010011
011100101
000001000
001000011
100000101
001010011
100010100
010010001
011100001
000100101
100000001
010100000
011010001
110110010
011010001
010100000
101010011
011010011
010100000
110010000
011010110
000010011
011100111
000001000
001000011
100000111
001010011
100010110
010010001
011100001
000100101
100000001
010100000
011010001
110110010
011010101
011100111
000011000
100001010
001000000
100000001
011011010
001010010
001010011
100011010
011010100
011100110
000011000
011010001
000000100
100001011
001000000
100000010
011010010
010100000
101001110
011011011
000010011
011011010
000000100
001000011
100001010
011011011
001010011
100011011
011011000
010100001
000011000
100001000
011010000
001010010
001010010
001010010
001010010
001010010
001010010
001010010
100011101
011011000
001010010
001010010
011101101
000011000
100001101
011011011
001010010
001010010
001010011
001010011
001010011
001010011
001010011
001010011
011101101
000100100
100001101
011011011
001010010
001010010
001010010
001010010
100011100
011101010
001100010
001100011
001100011
001100011
001100011
000011000
100001100
111000000
