010000000
100000110
011010001
100011111
011010001
010100000
110000111
011010000
110000101
010010000
100010010
100100011
111000000
011010001
001010000
100000100
011010100
010100001
110010001
011010000
010100000
110000011
010100001
100100110
011010000
010100001
000010010
000001000
100000000
011010001
011100110
000010010
000001000
100000001
100001111
010000000
100000110
011011111
010100000
110000011
011010000
100010001
011110001
001110000
100000101
011000110
010110001
000001100
100000110
011110001
001110010
100110001
010100001
011010101
110110100
011010110
010101000
000100101
100001100
010101111
000001000
100000111
011011111
010100000
110000101
011000110
010101111
000100001
100000111
011010001
001010011
001010011
001010011
001010011
001010011
001010011
011100111
001100010
001100010
000011000
100000011
011010100
001010010
001010010
001010010
001010010
001010010
001010010
001010010
100010100
000010000
100000011
011011111
010100000
110000110
011110001
001110010
001110010
100110010
111000000
011110001
001110010
001110010
100110001
011111100
010100010
000111001
100001110
100001101
010100000
011011101
101001010
011110000
001110011
100110000
010010001
011101101
000100101
100001101
010100001
101110101
011110000
011100001
000101100
100000010
111000000
