011010100
010100000
110000110
011010101
110000100
100100110
100100111
111000000
011010101
001010000
100000000
011010101
001010010
001010011
001010011
001010011
100010001
011010101
001010010
001010010
001010010
001010010
001010010
001010010
001010011
001010011
001010011
001010011
001010011
001010011
100010010
010101111
011010001
001011001
100000011
011010011
010100001
101010110
010101111
011010001
000011001
100001000
011011000
010100000
110001111
010010001
100010111
011010100
001010011
001010011
011100010
001100010
001100010
001100010
001100010
001100010
001100010
000100100
100000110
011010011
010100001
101010101
011011000
010100001
110010010
010010001
001010010
011100010
001100011
000011000
100000111
011010100
001010011
011100010
001100010
001100010
001100010
001100010
001100010
001100010
001100010
000011000
100000110
011010011
010100001
101001100
011011000
010100010
110001001
010010001
001010010
001010010
011100010
000011000
100000111
011010100
100010110
011010011
010100001
101001110
011011000
010100011
001011001
100001101
011011101
010100001
101001110
010010001
001010010
001010010
011100010
000011000
100001001
011010011
010100001
101011111
010010010
011101000
000100101
100001000
011011101
010100001
101010100
011010100
001010000
001010010
100010100
011011001
001010010
000010000
100001001
010010001
011101000
000100101
100001000
011011000
010100000
110110010
011011001
100010111
011010100
100010110
011010011
010100001
110011111
010010000
100010111
010011111
011100001
000011001
100001000
011010010
001010010
001010010
001010010
001010010
001010010
001010010
011100100
001100011
001100011
000011000
100001110
011001110
001000011
100001110
011011000
010100001
000011001
100001000
011011000
010100000
110110111
011011110
100010110
011010000
010100001
110010001
011010110
010100000
100101111
110000011
010010001
100011111
011010110
000010010
010100001
000001000
100000110
011010111
000010010
011101111
000001000
100000111
010011111
010101000
000011000
100001111
011011111
011100001
001011001
100001110
011011110
010100000
101010110
011010000
010100000
110001000
010010000
000010010
100000110
001000010
001000011
100000111
111000000
010100000
100100110
010010001
001010010
001010010
001010010
001010010
001010010
001010010
001010010
100010111
011010100
010100000
110000111
011010101
001010010
001010011
110000011
100100110
100100111
111000000
